Height : 
Min : 10.000000,
Max : 423.000000,
Mean: 34.433028

Width : 
Min : 3.000000,
Max : 414.000000,
Mean: 33.949404

Channel : 
Min : 3.000000,
Max : 3.000000,
Mean: 3.000000